Audi Fox;29.0;4;98.00;83.00;2219.;16.5;74;Europe
Volkswagen Dasher;26.0;4;79.00;67.00;1963.;15.5;74;Europe
Opel Manta;26.0;4;97.00;78.00;2300.;14.5;74;Europe
Toyota Corolla;31.0;4;76.00;52.00;1649.;16.5;74;Japan
Datsun 710;32.0;4;83.00;61.00;2003.;19.0;74;Japan
Dodge Colt;28.0;4;90.00;75.00;2125.;14.5;74;US
Fiat 128;24.0;4;90.00;75.00;2108.;15.5;74;Europe
Fiat 124 TC;26.0;4;116.0;75.00;2246.;14.0;74;Europe
Honda Civic;24.0;4;120.0;97.00;2489.;15.0;74;Japan
Subaru;26.0;4;108.0;93.00;2391.;15.5;74;Japan
