Saab 99e;25.0;4;104.0;95.00;2375.;17.5;70;Europe
BMW 2002;26.0;4;121.0;113.0;2234.;12.5;70;Europe
AMC Gremlin;21.0;6;199.0;90.00;2648.;15.0;70;US
Ford F250;10.0;8;360.0;215.0;4615.;14.0;70;US
Chevy C20;10.0;8;307.0;200.0;4376.;15.0;70;US
Dodge D200;11.0;8;318.0;210.0;4382.;13.5;70;US
Hi 1200D;9.0;8;304.0;193.0;4732.;18.5;70;US
Datsun PL510;27.0;4;97.00;88.00;2130.;14.5;71;Japan
Chevrolet Vega 2300;28.0;4;140.0;90.00;2264.;15.5;71;US
Toyota Corolla;25.0;4;113.0;95.00;2228.;14.0;71;Japan
