Toyota Corolla;24.0;4;134.0;96.00;2702.;13.5;75;Japan
Volkswagen Dasher;25.0;4;90.00;71.00;2223.;16.5;75;Europe
Datsun 710;24.0;4;119.0;97.00;2545.;17.0;75;Japan
Ford Pinto;18.0;6;171.0;97.00;2984.;14.5;75;US
Volkswagen Rabbit;29.0;4;90.00;70.00;1937.;14.0;75;Europe
AMC Pacer;19.0;6;232.0;90.00;3211.;17.0;75;US
Audi 100LS;23.0;4;115.0;95.00;2694.;15.0;75;Europe
Peugeot 504;23.0;4;120.0;88.00;2957.;17.0;75;Europe
Volvo 244DL;22.0;4;121.0;98.00;2945.;14.5;75;Europe
Saab 99LE;25.0;4;121.0;115.0;2671.;13.5;75;Europe
